51 10 14 200
1 37 52 1 
2 49 49 1 
3 52 64 1 
4 20 26 1 
5 40 30 1 
6 21 47 1 
7 17 63 1 
8 31 62 1 
9 52 33 1 
10 51 21 1 
11 42 41 0 
12 31 32 0 
13 5 25 0 
14 12 42 0 
15 36 16 0
16 52 41 0 
17 27 23 0 
18 17 33 0 
19 13 13 0 
20 57 58 0 
21 62 42 0 
22 42 57 0 
23 16 57 0 
24 8 52 0
25 7 38 0 
26 27 68 0 
27 30 48 0 
28 43 67 0 
29 58 48 0 
30 58 27 0 
31 37 69 0 
32 38 46 0 
33 46 10 0 
34 61 33 0 
35 62 63 0 
36 63 69 0 
37 32 22 0 
38 45 35 0 
39 59 15 0 
40 5 6 0
41 10 17 0 
42 21 10 0 
43 5 64 0 
44 30 15 0 
45 39 10 0 
46 32 39 0 
47 25 32 0 
48 25 55 0 
49 48 28 0 
50 56 37 0 
51 30 40 0 