NOME_berlin52_X.txt
TYPE_PCVPB
COMMENT_http://www.iwr.uni-heidelberg.de/groups/comopt/software/TSPLIB95/
DIMENSION_10
EDGE_WEIGHT_TYPE_EUC_2D
n: 100
|P|: 30
Q: 7
L: 6890
vertice_x_y_cor
1 3140 1401 1 
2 556 1056 1 
3 3675 1522 1 
4 1182 1853 1 
5 3595 111 1 
6 962 1895 1 
7 2030 1186 1 
8 3507 1851 1 
9 2642 1269 1 
10 3438 901 1 
11 3858 1472 1 
12 2937 1568 1 
13 376 1018 1 
14 839 1355 1 
15 706 1925 1 
16 749 920 1 
17 298 615 1 
18 694 552 1 
19 387 190 1 
20 2801 695 1 
21 3133 1143 1 
22 1517 266 1 
23 1538 224 1 
24 844 520 1 
25 2639 1239 1 
26 3123 217 1 
27 2489 1520 1 
28 3834 1827 1 
29 3417 1808 1 
30 2938 543 1
31 71 1323 0 
32 3245 1828 0 
33 731 1741 0 
34 2312 1270 0 
35 2426 1851 0 
36 380 478 0 
37 2310 635 0 
38 2830 775 0 
39 3829 513 0 
40 3684 445 0 
41 171 514 0 
42 627 1261 0 
43 1490 1123 0 
44 61 81 0 
45 422 542 0 
46 2698 1221 0 
47 2372 127 0 
48 177 1390 0 
49 3084 748 0 
50 1213 910 0 
51 3 1817 0 
52 1782 995 0 
53 3896 742 0 
54 1829 812 0 
55 1286 550 0 
56 3017 108 0
57 2132 1432 0 
58 2000 1110 0 
59 3317 1966 0 
60 1729 1498 0 
61 2408 1747 0 
62 3292 152 0 
63 193 1210 0 
64 782 1462 0 
65 2503 352 0 
66 1697 1924 0 
67 3821 147 0 
68 3370 791 0 
69 3162 367 0 
70 3938 516 0 
71 2741 1583 0 
72 2330 741 0 
73 3918 1088 0 
74 1794 1589 0 
75 2929 485 0 
76 3453 1998 0 
77 896 705 0 
78 399 850 0 
79 2614 195 0 
80 2800 653 0 
81 2630 20 0 
82 563 1513 0 
83 1090 1652 0 
84 2009 1163 0 
85 3876 1165 0 
86 3084 774 0 
87 1526 1612 0 
88 1612 328 0 
89 1423 1322 0 
90 3058 1276 0 
91 3782 1865 0 
92 347 252 0 
93 3904 1444 0 
94 2191 1579 0 
95 3220 1454 0 
96 468 319 0 
97 3611 1968 0 
98 3114 1629 0 
99 3515 1892 0 
100 3060 155 0
