NOME_i-9-gil262.tsp-3x3.txt
TYPE_PCVPB
COMMENT_http://www.iwr.uni-heidelberg.de/groups/comopt/software/TSPLIB95/
DIMENSION_262
EDGE_WEIGHT_TYPE_EUC_2D
n: 262 
|P|: 78
Q: 7
L: 186
vertice_x_y_cor
1 99 97 1 
2 59 50 1 
3 0 14 1 
4 17 66 1 
5 69 19 1 
6 31 12 1 
7 5 41 1 
8 12 10 1 
9 64 70 1 
10 12 85 1 
11 18 64 1 
12 77 16 1 
13 53 88 1 
14 83 24 1 
15 24 41 1 
16 17 21 1 
17 42 96 1 
18 65 0 1 
19 47 26 1 
20 85 36 1 
21 35 54 1 
22 54 21 1 
23 64 17 1 
24 55 89 1 
25 17 25 1 
26 61 66 1 
27 61 26 1 
28 17 72 1 
29 79 38 1 
30 62 2 1 
31 90 68 1 
32 52 66 1 
33 54 50 1 
34 8 84 1 
35 37 90 1 
36 83 49 1 
37 35 1 1 
38 7 59 1 
39 12 48 1 
40 57 95 1 
41 92 28 1 
42 3 97 1 
43 7 52 1 
44 42 15 1 
45 77 43 1 
46 59 49 1 
47 25 91 1 
48 69 19 1 
49 82 14 1 
50 74 70 1 
51 69 59 1 
52 29 33 1 
53 97 9 1 
54 58 9 1 
55 28 93 1 
56 7 73 1
57 28 73 1 
58 76 55 1 
59 41 42 1 
60 92 40 1 
61 84 29 1 
62 12 42 1 
63 51 45 1 
64 37 46 1 
65 97 35 1 
66 14 89 1 
67 60 58 1 
68 63 75 1 
69 18 34 1 
70 46 82 1 
71 86 79 1 
72 43 30 1 
73 44 7 1 
74 3 20 1 
75 36 41 1 
76 30 94 1 
77 79 62 1 
78 51 70 1 
79 61 26 0 
80 6 94 0
81 19 62 0 
82 20 51 0 
83 81 37 0 
84 7 31 0 
85 52 12 0 
86 83 91 0 
87 7 92 0 
88 82 74 0 
89 70 85 0 
90 83 30 0 
91 71 61 0 
92 85 11 0 
93 66 48 0 
94 78 87 0 
95 9 79 0 
96 36 4 0 
97 66 39 0 
98 92 17 0 
99 46 79 0 
100 30 63 0 
101 42 63 0 
102 20 42 0 
103 15 98 0 
104 1 17 0 
105 64 20 0 
106 96 85 0 
107 93 29 0 
108 40 84 0 
109 86 35 0 
110 91 36 0 
111 62 8 0 
112 24 4 0 
113 11 96 0 
114 53 62 0 
115 28 71 0 
116 7 4 0 
117 95 9 0 
118 3 17 0 
119 53 90 0 
120 58 19 0 
121 83 84 0 
122 1 49 0 
123 4 17 0 
124 82 3 0 
125 43 47 0 
126 6 6 0 
127 70 99 0 
128 68 29 0 
129 94 30 0 
130 94 20 0 
131 21 77 0 
132 64 37 0 
133 70 19 0 
134 88 65 0 
135 2 29 0 
136 33 57 0 
137 70 6 0
138 38 56 0 
139 80 95 0 
140 5 39 0 
141 8 22 0 
142 61 76 0 
143 76 22 0 
144 49 71 0 
145 30 68 0 
146 1 34 0 
147 77 79 0 
148 58 64 0 
149 82 97 0 
150 80 55 0 
151 81 86 0 
152 39 49 0 
153 67 72 0 
154 25 89 0 
155 44 95 0 
156 32 68 0 
157 17 49 0 
158 93 49 0 
159 99 81 0 
160 10 49 0 
161 63 41 0 
162 38 39 0 
163 28 39 0 
164 2 47 0 
165 38 8 0 
166 42 6 0 
167 67 88 0 
168 19 93 0 
169 40 27 0 
170 61 56 0 
171 43 33 0 
172 18 39 0 
173 69 19 0 
174 75 18 0 
175 31 85 0 
176 25 58 0 
177 16 36 0 
178 91 15 0 
179 60 39 0 
180 49 47 0 
181 42 33 0 
182 16 81 0 
183 78 53 0 
184 53 80 0 
185 46 26 0 
186 25 54 0 
187 69 46 0 
188 0 78 0 
189 84 74 0 
190 16 16 0 
191 63 14 0 
192 51 77 0 
193 39 61 0 
194 5 97 0 
195 55 39 0 
196 70 14 0 
197 0 95 0 
198 45 7 0 
199 38 24 0 
200 50 37 0 
201 59 71 0 
202 73 96 0 
203 29 72 0 
204 47 12 0 
205 88 61 0 
206 88 36 0 
207 46 3 0 
208 26 37 0 
209 39 67 0 
210 92 27 0 
211 80 31 0 
212 93 50 0 
213 20 5 0 
214 22 73 0 
215 4 7 0 
216 54 48 0 
217 70 39 0 
218 54 82 0 
219 29 41 0 
220 87 51 0 
221 96 36 0 
222 49 8 0 
223 5 54 0 
224 26 43 0 
225 11 60 0 
226 40 61 0 
227 82 35 0 
228 92 12 0 
229 93 86 0 
230 66 63 0 
231 72 87 0 
232 57 84 0 
233 23 52 0 
234 56 62 0 
235 19 59 0 
236 63 14 0 
237 13 38 0 
238 19 87 0 
239 44 84 0 
240 98 17 0 
241 16 62 0 
242 3 66 0 
243 26 22 0 
244 38 81 0 
245 70 80 0 
246 17 35 0 
247 96 83 0 
248 77 80 0 
249 14 44 0 
250 33 33 0 
251 33 33 0 
252 70 0 0 
253 50 60 0 
254 50 60 0 
255 75 0 0 
256 0 75 0 
257 75 0 0 
258 0 75 0 
259 40 80 0 
260 40 80 0 
261 60 20 0 
262 60 20 0 
