200 60 7 1966
1 257 564 1 
2 555 764 1 
3 246 973 1 
4 604 525 1 
5 496 701 1 
6 863 836 1 
7 556 274 1 
8 293 263 1 
9 924 785 1 
10 623 534 1 
11 6 281 1 
12 305 231 1 
13 868 270 1 
14 618 419 1 
15 474 589 1 
16 63 886 1 
17 949 631 1 
18 549 173 1 
19 37 138 1 
20 739 449 1 
21 123 149 1 
22 573 885 1 
23 643 490 1 
24 771 251 1 
25 573 5 1 
26 196 156 1 
27 729 626 1 
28 657 978 1 
29 727 717 1 
30 314 369 1 
31 139 403 1 
32 135 516 1 
33 863 947 1 
34 759 652 1 
35 864 273 1 
36 416 597 1 
37 258 327 1 
38 939 118 1 
39 460 983 1 
40 345 292 1 
41 496 986 1 
42 480 84 1 
43 660 676 1 
44 967 632 1 
45 341 344 1 
46 461 369 1 
47 236 522 1 
48 985 351 1 
49 956 975 1 
50 441 20 1 
51 648 323 1 
52 252 99 1 
53 696 968 1 
54 266 857 1 
55 968 524 1 
56 820 104 1 
57 517 911 1 
58 693 525 1 
59 243 484 1 
60 729 686 1 
61 271 648 0 
62 900 21 0 
63 676 255 0 
64 457 574 0 
65 447 295 0 
66 304 195 0 
67 888 978 0 
68 356 751 0 
69 235 388 0 
70 726 719 0 
71 229 637 0 
72 77 809 0 
73 724 20 0 
74 236 43 0 
75 295 114 0 
76 728 769 0 
77 758 300 0 
78 657 225 0 
79 941 600 0 
80 682 240 0 
81 499 135 0 
82 652 859 0 
83 920 676 0 
84 391 277 0 
85 883 288 0 
86 406 150 0 
87 619 855 0 
88 497 720 0 
89 352 467 0 
90 110 502 0 
91 674 852 0 
92 240 439 0 
93 307 555 0 
94 149 444 0 
95 558 833 0 
96 19 397 0 
97 218 38 0 
98 236 525 0 
99 655 809 0 
100 777 602 0 
101 318 747 0 
102 786 632 0 
103 143 929 0 
104 949 820 0 
105 642 513 0 
106 498 533 0 
107 606 518 0 
108 830 452 0 
109 836 784 0 
110 920 706 0 
111 427 709 0 
112 911 491 0 
113 445 196 0 
114 408 5 0 
115 373 576 0 
116 222 312 0 
117 492 690 0 
118 1000 208 0 
119 326 886 0 
120 386 21 0 
121 36 10 0 
122 239 127 0 
123 896 362 0 
124 819 495 0 
125 735 472 0 
126 163 69 0 
127 548 734 0 
128 762 165 0 
129 491 912 0 
130 966 409 0 
131 400 597 0 
132 193 663 0 
133 498 425 0 
134 840 221 0 
135 586 443 0 
136 992 170 0 
137 923 452 0 
138 299 779 0 
139 919 437 0 
140 349 920 0 
141 393 750 0 
142 266 162 0 
143 967 894 0 
144 59 201 0 
145 83 870 0 
146 570 409 0 
147 427 300 0 
148 180 370 0 
149 700 377 0 
150 219 578 0 
151 654 595 0 
152 498 306 0 
153 422 712 0 
154 297 810 0 
155 155 752 0 
156 522 274 0 
157 616 331 0 
158 205 905 0 
159 833 189 0 
160 786 102 0 
161 212 604 0 
162 801 978 0 
163 724 802 0 
164 225 815 0 
165 399 817 0 
166 978 216 0 
167 100 344 0 
168 133 869 0 
169 602 722 0 
170 510 371 0 
171 661 58 0 
172 997 510 0 
173 677 312 0 
174 409 785 0 
175 400 836 0 
176 679 308 0 
177 546 766 0 
178 365 386 0 
179 130 494 0 
180 598 44 0 
181 579 663 0 
182 73 436 0 
183 68 649 0 
184 680 497 0 
185 998 113 0 
186 338 119 0 
187 594 125 0 
188 980 301 0 
189 57 904 0 
190 640 852 0 
191 968 798 0 
192 767 389 0 
193 960 382 0 
194 890 733 0 
195 330 252 0 
196 121 304 0 
197 750 681 0 
198 392 509 0 
199 805 216 0 
200 408 494 0 
