random_device rd;
mt19937 mt(rd());
uniform_int_distribution<int> dist(0,99);
cout << dist(mt) << " ";


  std::cout << "a discrete_distribution:" << std::endl;
  for (int i=0; i<10; ++i)
    std::cout << i << ": " << std::string(p[i]*nstars/nrolls,'*') << std::endl;

 #define MAX(x,y) ((x)<(y) ? (y) : (x))

Instancias
-------------
02
Guloso
510.7216154

Randomizado 0.1
453.6376206,
462.8752134,
459.8483781,
493.7798886,
491.3825037,
479.9753,
548.4208376,
474.5445107,
510.6061697,
482.1994339

Media
485.73

Randomizado 0.2
476.2448755,
486.3254706,
468.7691367,
522.2816503,
437.7692297,
513.8921117,
477.002439,
502.0165697,
489.5322712,
471.1981916

Media
484.50


Randomizado 0.3
560.2189735,
476.8854904,
478.997549,
483.3562766,
485.5484065,
473.4665386,
467.6537704,
504.7506423,
500.4227423,
485.287841

Media
491.65


Reativo 0.20 4vzs
436.728998,
423.037648,
437.033897,
425.650148,
436.476012,
438.003404,
433.180849,
428.560436,
433.737109,
437.033897

Media
432.94
-------------
04
461.0276369
Randomizado 0.1
464.4591203,
490.746736,
446.8361888,
479.647804,
476.5283826,
461.0276369,
475.7225232,
511.2855778,
471.799921,
462.7670881

media
474.08

Randomizado 0.2
484.7615323,
468.9330794,
489.5875608,
482.7816364,
465.6623255,
475.3582628,
490.5903768,
455.7720778,
458.3913753,
443.7516849

media
471.55

Randomizado 0.3
477.7782205,
460.6599422,
464.670157,
455.1142039,
482.5116367,
466.1696488,
460.3009388,
476.082108,
485.6389399,
471.4144284


media
470.03


Reativo
431.210345,
431.210345,
432.701750,
430.902938,
431.210345,
431.210345,
434.380841,
437.458654,
431.210345,
431.210345

media
432.27

-------------
07
571.1086531
Randomizado 0.1
592.494421,
603.4170403,
602.302996,
590.0433515,
606.3876892,
599.169457,
593.7689967,
624.4248039,
595.0125641,
595.3553741


media
600.23

Randomizado 0.2
609.6451317,
603.3602649,
637.4207729,
586.5617607,
610.0262591,
613.5324566,
588.1223359,
602.1319518,
599.5852522,
579.229428

media
602.96

Randomizado 0.3
577.9273556,
579.3429309,
597.3693359,
611.7355969,
587.8607979,
624.9387002,
609.1034786,
647.5413905,
621.1942568,
595.1557981

media
605.21

Reativo
563.926490,
570.379488,
568.697610,
567.441079,
568.457219,
571.108653,
565.331620,
568.693407,
566.566900,
568.753669

media
567.93

-------------
12
29812.795555

Randomizado 0.1
28010.30989,
30164.58745,
29919.43001,
30720.22141,
30030.30103,
31180.40492,
25015.39491,
28397.09207,
26956.36066,
27021.52113

media
28741.56

Randomizado 0.2
25615.42507,
25240.55712,
29629.09384,
28370.91422,
31152.36493,
32352.65997,
28245.73036,
30501.16176,
27139.19438,
31537.13917

media
28978.42

Randomizado 0.3
27338.39054,
28052.9606,
30693.33676,
25137.01443,
29758.09523,
27956.06471,
27483.88629,
31100.27035,
28273.60512,
28558.23862

media
28435.18

Reativo
24078.301185,
24522.263682,
24170.397946,
24829.621811,
24176.073145,
24288.622908,
24608.483065,
24315.329064,
24353.767894,
24308.682413

media
24365.15

-------------
14
25894.430312
Randomizado 0.1
26381.01823,
26603.53929,
27179.31485,
26750.78594,
27917.62889,
27615.53195,
27635.56096,
26732.10385,
28030.87716,
28220.62092

media
27306.69

Randomizado 0.2
25473.05523,
27520.25519,
29003.3887,
27540.75907,
28253.44167,
26936.81285,
27022.19818,
26741.80234,
28851.10243,
25918.31495

media
27326.11

Randomizado 0.3

Reativo
24738.925806,
24958.517628,
24923.129498,
24694.509864,
24836.868703,
24845.894519,
25165.002261,
24829.298683,
24931.363464,
23570.683504

media
24749.41

-------------
16
13315.448526
Randomizado 0.1
13273.70262,
13974.32146,
14102.76168,
14328.67876,
13887.68459,
14079.26944,
14212.35235,
13343.77041,
13488.17056,
14913.43459

media
13960.41


Randomizado 0.2
14366.43755,
13830.02841,
14901.76526,
14075.50915,
13843.08931,
13725.69947,
13369.59443,
13915.34591,
13926.10496,
14197.44776

media
14015.10


Randomizado 0.3
14661.3669,
13720.20835,
15194.98526,
14039.38305,
14737.66489,
14387.23869,
14049.34208,
14129.16923,
13679.13557,
13968.81235

media
14256.73


Reativo
12592.286221,
12962.071317,
12804.318011,
13007.700835,
13023.492359,
12875.412339,
12869.612062,
12902.709251,
12932.979814,
12967.783093

media
12893.83

-------------
18
12578.061118
Randomizado 0.1
12893.7884,
12884.94553,
12668.0834,
13045.25647,
12802.06118,
13119.54115,
12357.66486,
12770.37662,
12902.91084,
12629.40978

media
12807.40

Randomizado 0.2
12408.73504,
13442.67501,
13136.05627,
12784.86329,
12533.97355,
12626.23586,
12806.80014,
12908.18567,
13021.35034,
12306.41405

media
12797.52

Randomizado 0.3
12544.81938,
12437.62868,
13212.79067,
12762.41819,
13206.23659,
12650.6186,
12434.80561,
13074.19124,
12434.65469,
13451.01333

media
12820.91

Reativo 0.35
11747.757989,
11873.541249,
11830.786410,
11862.374594,
11846.139951,
11702.652310,
11870.760757,
11957.822607,
11748.920400,
11820.144446

media
11826.09

-------------
24
13269.452936
Randomizado 0.1
13468.87997,
13637.0984,
13326.93608,
13289.29928,
13265.44633,
13496.03348,
12910.71637,
13284.40921,
13295.24077,
13536.69136

media
13351.07

Randomizado 0.2
13853.99621,
13870.84745,
13293.14356,
13445.27445,
13460.49786,
13594.3777,
13205.3313,
14386.12081,
13541.15632,
13492.88888

media
13614.36

Randomizado 0.3
13310.44088,
13630.58916,
13335.95659,
13353.45419,
14086.93674,
13514.66699,
13188.74571,
13329.33979,
13604.69615,
13506.62214

media
13486.14


Reativo
12594.995239,
12487.255928,
12619.735326,
12541.243798,
12565.242122,
12639.687302,
12644.265317,
12618.282101,
12614.419757,
12647.728722,
12629.313933,
12608.608483,
12595.163004,
12714.889835,
12409.574713,
12406.554378


media
12547.18

-------------
28
1365.894808
Randomizado 0.1
1330.373993,
1391.064443,
1427.667429,
1430.351961,
1407.713772,
1369.715916,
1396.624278,
1394.346043,
1397.90258,
1345.036988

media
1389.07

Randomizado 0.2
1401.795041,
1402.390323,
1385.636342,
1386.476455,
1381.259254,
1360.660676,
1426.7127,
1409.50666,
1351.724182,
1371.583502

media
1387.77

Randomizado 0.3
1368.492508,
1424.90052,
1352.012661,
1370.093966,
1392.22343,
1388.776137,
1423.602307,
1378.505835,
1384.385354,
1381.158638

media
1386.41


Reativo o.15
1307.828022,
1303.529419,
1309.445273,
1314.821737,
1318.140735,
1306.967047,
1300.374580,
1311.650629,
1294.710208,
1308.927849


media
1307.63

-------------
30
1416.002047
Randomizado 0.1
1435.201397,
1374.834359,
1369.756418,
1414.565462,
1453.633594,
1420.255301,
1433.316172,
1357.90467,
1401.661754,
1354.057752

media
1401.51


Randomizado 0.2
1365.04087,
1439.379721,
1392.526385,
1371.547948,
1397.468891,
1406.040672,
1450.605944,
1394.605148,
1418.837814,
1369.206346

media
1400.52

Randomizado 0.3
1419.688836,
1404.111287,
1441.085033,
1373.55715,
1432.460831,
1358.146268,
1393.299659,
1381.984444,
1380.729509,
1374.333218

media
1395.93

Reativo 0.50000
1299.880773,
1307.037581,
1310.995273,
1320.240146,
1293.196026,
1310.563658,
1308.129305,
1314.919534,
1305.680297,
1297.277117



media
1306.79
-------------
